_C_c4f0_5e7f917a_2 8c 0 618 0 0 3d202562 0 74636820 0 69736d61 0 622c206d 0 203d2025 0 5f656e64 0 7465726e 0 20706174 0 2025622c 0 6974203d 0 756e645f 0 2c20666f 0 3d202562 0 726f7220 0 2c206572 0 3d202562 0 6f6e6520 0 622c2064 0 203d2025 0 65616479 0 622c2072 0 203d2025 0 74696f6e 0 64757261 0 25622c20 0 68203d20 0 656e6774 0 6e615f6c 0 622c2064 0 203d2025 0 64617461 0 6c656f20 0 206e7563 0 2025622c 0 6472203d 0 6d206164 0 6f206d65 0 75636c65 0 682c206e 0 203d2025 0 64617461 0 65726e20 0 70617474 0 25622c20 0 72203d20 0 20616464 0 206d656d 0 7465726e 0 706174 
_C_ce9e_5e7c04b2_1 8c 0 368 0 0 2535642e 0 696d6520 0 61742074 0 256d2c20 0 666f7220 0 37352c20 0 696e6520 0 222c206c 0 352e7376 0 226c6162 0 20202020 0 20202020 0 6e742e0a 0 74656d65 0 20737461 0 61736527 0 75652063 0 756e6971 0 696e2027 0 68657320 0 6d617463 0 696f6e20 0 6e646974 0 6f20636f 0 673a204e 0 726e696e 0 54205761 0 52 
_C_2bce_5e7c13d7_2 8c 0 5a0 0 0 3d202562 0 656e6420 0 65726e5f 0 70617474 0 25622c20 0 74203d20 0 6e645f69 0 20666f75 0 2025622c 0 6f72203d 0 20657272 0 2025622c 0 6e65203d 0 2c20646f 0 3d202562 0 61647920 0 2c207265 0 3d202562 0 696f6e20 0 75726174 0 622c2064 0 203d2025 0 6e677468 0 615f6c65 0 2c20646e 0 3d202562 0 61746120 0 656f2064 0 6e75636c 0 25622c20 0 72203d20 0 20616464 0 206d656d 0 636c656f 0 2c206e75 0 3d202562 0 61746120 0 726e2064 0 61747465 0 622c2070 0 203d2025 0 61646472 0 6d656d20 0 65726e20 0 70617474 
_C_c4f5_5e7c03a6_1 84 0 f 0 0 7fe0 
_C_70f7_5e979f71_3 8c 0 cf8 0 0 3d202564 0 756e7420 0 745f636f 0 20696e69 0 2025642c 0 6e74203d 0 20636f75 0 2025642c 0 6572203d 0 4c657474 0 2c206973 0 3d202564 0 4e656720 0 2c206973 0 3d202564 0 506f7320 0 2c206973 0 3d202562 0 52657020 0 2c206973 0 3d202562 0 74636820 0 69736d61 0 622c206d 0 203d2025 0 5f656e64 0 7465726e 0 20706174 0 2025622c 0 6974203d 0 756e645f 0 2c20666f 0 3d202562 0 726f7220 0 2c206572 0 3d202562 0 6f6e6520 0 622c2064 0 203d2025 0 65616479 0 622c2072 0 203d2025 0 74696f6e 0 64757261 0 25622c20 0 68203d20 0 656e6774 0 6e615f6c 0 682c2064 0 743d2025 0 73746172 0 65726e5f 0 70617474 0 25682c20 0 72743d20 0 5f737461 0 20646e61 0 2025682c 0 7461203d 0 6f206461 0 75636c65 0 682c206e 0 203d2025 0 61646472 0 6d656d20 0 6c656f20 0 206e7563 0 2025682c 0 7461203d 0 6e206461 0 74746572 0 2c207061 0 3d202568 0 64647220 0 656d2061 0 726e206d 0 61747465 0 25622c70 0 77203d20 0 64206c6f 0 206c6f61 0 7465726e 0 2c706174 0 3d202568 0 54776f20 0 20626172 0 2025682c 0 6e65203d 0 6261724f 0 25682c20 0 65203d20 0 54687265 0 6c617368 0 682c2073 0 203d2025 0 6854776f 0 736c6173 0 25682c20 0 65203d20 0 73684f6e 0 20736c61 0 2025732c 0 7465203d 0 737461 
_C_8596_5e90f9f9_2 8c 0 b98 0 0 3d202564 0 4e656720 0 2c206973 0 3d202564 0 506f7320 0 2c206973 0 3d202562 0 52657020 0 2c206973 0 3d202562 0 74636820 0 69736d61 0 622c206d 0 203d2025 0 5f656e64 0 7465726e 0 20706174 0 2025622c 0 6974203d 0 756e645f 0 2c20666f 0 3d202562 0 726f7220 0 2c206572 0 3d202562 0 6f6e6520 0 622c2064 0 203d2025 0 65616479 0 622c2072 0 203d2025 0 74696f6e 0 64757261 0 25622c20 0 68203d20 0 656e6774 0 6e615f6c 0 682c2064 0 743d2025 0 73746172 0 65726e5f 0 70617474 0 25682c20 0 72743d20 0 5f737461 0 20646e61 0 2025682c 0 7461203d 0 6f206461 0 75636c65 0 682c206e 0 203d2025 0 61646472 0 6d656d20 0 6c656f20 0 206e7563 0 2025682c 0 7461203d 0 6e206461 0 74746572 0 2c207061 0 3d202568 0 64647220 0 656d2061 0 726e206d 0 61747465 0 25622c70 0 77203d20 0 64206c6f 0 206c6f61 0 7465726e 0 2c706174 0 3d202568 0 54776f20 0 20626172 0 2025682c 0 6e65203d 0 6261724f 0 25682c20 0 65203d20 0 54687265 0 6c617368 0 682c2073 0 203d2025 0 6854776f 0 736c6173 0 25682c20 0 65203d20 0 73684f6e 0 20736c61 0 2025732c 0 7465203d 0 737461 
_C_7ab7_5e90f82d_3 8c 0 b98 0 0 3d202562 0 4e656720 0 2c206973 0 3d202562 0 506f7320 0 2c206973 0 3d202562 0 52657020 0 2c206973 0 3d202562 0 74636820 0 69736d61 0 622c206d 0 203d2025 0 5f656e64 0 7465726e 0 20706174 0 2025622c 0 6974203d 0 756e645f 0 2c20666f 0 3d202562 0 726f7220 0 2c206572 0 3d202562 0 6f6e6520 0 622c2064 0 203d2025 0 65616479 0 622c2072 0 203d2025 0 74696f6e 0 64757261 0 25622c20 0 68203d20 0 656e6774 0 6e615f6c 0 682c2064 0 743d2025 0 73746172 0 65726e5f 0 70617474 0 25682c20 0 72743d20 0 5f737461 0 20646e61 0 2025682c 0 7461203d 0 6f206461 0 75636c65 0 682c206e 0 203d2025 0 61646472 0 6d656d20 0 6c656f20 0 206e7563 0 2025682c 0 7461203d 0 6e206461 0 74746572 0 2c207061 0 3d202568 0 64647220 0 656d2061 0 726e206d 0 61747465 0 25622c70 0 77203d20 0 64206c6f 0 206c6f61 0 7465726e 0 2c706174 0 3d202568 0 54776f20 0 20626172 0 2025682c 0 6e65203d 0 6261724f 0 25682c20 0 65203d20 0 54687265 0 6c617368 0 682c2073 0 203d2025 0 6854776f 0 736c6173 0 25682c20 0 65203d20 0 73684f6e 0 20736c61 0 2025732c 0 7465203d 0 737461 
_C_3897_5e83d97e_3 8c 0 788 0 0 3d202562 0 52657020 0 2c206973 0 3d202562 0 74636820 0 69736d61 0 622c206d 0 203d2025 0 5f656e64 0 7465726e 0 20706174 0 2025622c 0 6974203d 0 756e645f 0 2c20666f 0 3d202562 0 726f7220 0 2c206572 0 3d202562 0 6f6e6520 0 622c2064 0 203d2025 0 65616479 0 622c2072 0 203d2025 0 74696f6e 0 64757261 0 25622c20 0 68203d20 0 656e6774 0 6e615f6c 0 622c2064 0 743d2025 0 73746172 0 65726e5f 0 70617474 0 25622c20 0 72743d20 0 5f737461 0 20646e61 0 2025682c 0 7461203d 0 6f206461 0 75636c65 0 622c206e 0 203d2025 0 61646472 0 6d656d20 0 6c656f20 0 206e7563 0 2025682c 0 7461203d 0 6e206461 0 74746572 0 2c207061 0 3d202562 0 64647220 0 656d2061 0 726e206d 0 61747465 0 70 
_C_9ead_5e7ad7f0_3 8c 0 50 0 0 2e6d656d 0 636c656f 0 6e75 
_C_57d2_5e88a236_3 cc 0 60 1 0 2e6d656d 0 326e7563 0 7461736b 
_C_6548_5e840e6e_3 8c 0 a38 0 0 3d202562 0 52657020 0 2c206973 0 3d202562 0 74636820 0 69736d61 0 622c206d 0 203d2025 0 5f656e64 0 7465726e 0 20706174 0 2025622c 0 6974203d 0 756e645f 0 2c20666f 0 3d202562 0 726f7220 0 2c206572 0 3d202562 0 6f6e6520 0 622c2064 0 203d2025 0 65616479 0 622c2072 0 203d2025 0 74696f6e 0 64757261 0 25622c20 0 68203d20 0 656e6774 0 6e615f6c 0 682c2064 0 743d2025 0 73746172 0 65726e5f 0 70617474 0 25682c20 0 72743d20 0 5f737461 0 20646e61 0 2025682c 0 7461203d 0 6f206461 0 75636c65 0 682c206e 0 203d2025 0 61646472 0 6d656d20 0 6c656f20 0 206e7563 0 2025682c 0 7461203d 0 6e206461 0 74746572 0 2c207061 0 3d202568 0 64647220 0 656d2061 0 726e206d 0 61747465 0 25622c70 0 77203d20 0 64206c6f 0 206c6f61 0 7465726e 0 2c706174 0 3d202568 0 54776f20 0 20626172 0 2025682c 0 6e65203d 0 6261724f 0 2025622c 0 6f77203d 0 6f61644c 0 54776f4c 0 20626172 0 2025622c 0 6f77203d 0 6f61644c 0 4f6e654c 0 626172 
_C_d0c3_5e9108d1_1 8c 0 48 0 0 74617465 0 6f732073 0 70 
_C_968a_5e7d6f58_4 cc 0 50 1 0 2e6d656d 0 63426172 0 6e75 
_C_bde4_5e83cd52_2 cc 0 50 1 0 2e6d656d 0 72526570 0 6261 
_C_c15c_5e93776b_1 8c 0 28 0 0 73506f73 0 69 
_C_d75b_5e7c06a2_1 8c 0 368 0 0 2535642e 0 696d6520 0 61742074 0 256d2c20 0 666f7220 0 37372c20 0 696e6520 0 222c206c 0 352e7376 0 226c6162 0 20202020 0 20202020 0 6e742e0a 0 74656d65 0 20737461 0 61736527 0 75652063 0 756e6971 0 696e2027 0 68657320 0 6d617463 0 696f6e20 0 6e646974 0 6f20636f 0 673a204e 0 726e696e 0 54205761 0 52 
_C_d79a_5e7f9438_2 cc 0 68 1 0 2e6d656d 0 54657374 0 75426172 0 6e 
_C_1dae_5e7e6490_2 8c 0 70 0 0 7465726e 0 20706174 0 64206f66 0 656e 
_C_1ed1_5e83d74b_1 8c 0 28 0 0 72696e74 0 70 
_C_6d3f_5e84104e_3 8c 0 a98 0 0 3d202562 0 52657020 0 2c206973 0 3d202562 0 74636820 0 69736d61 0 622c206d 0 203d2025 0 5f656e64 0 7465726e 0 20706174 0 2025622c 0 6974203d 0 756e645f 0 2c20666f 0 3d202562 0 726f7220 0 2c206572 0 3d202562 0 6f6e6520 0 622c2064 0 203d2025 0 65616479 0 622c2072 0 203d2025 0 74696f6e 0 64757261 0 25622c20 0 68203d20 0 656e6774 0 6e615f6c 0 682c2064 0 743d2025 0 73746172 0 65726e5f 0 70617474 0 25682c20 0 72743d20 0 5f737461 0 20646e61 0 2025682c 0 7461203d 0 6f206461 0 75636c65 0 682c206e 0 203d2025 0 61646472 0 6d656d20 0 6c656f20 0 206e7563 0 2025682c 0 7461203d 0 6e206461 0 74746572 0 2c207061 0 3d202568 0 64647220 0 656d2061 0 726e206d 0 61747465 0 25622c70 0 77203d20 0 64206c6f 0 206c6f61 0 7465726e 0 2c706174 0 3d202568 0 54776f20 0 20626172 0 2025682c 0 6e65203d 0 6261724f 0 2025622c 0 6f77203d 0 6f61644c 0 54776f4c 0 20626172 0 2025622c 0 6f77203d 0 6f61644c 0 4f6e654c 0 20626172 0 2025732c 0 7465203d 0 737461 
_C_6dc7_5e80f718_2 cc 0 70 1 0 2e6d656d 0 65737434 0 736b3174 0 7461 
_C_6f17_5e80f743_2 cc 0 70 1 0 2e6d656d 0 65737435 0 736b3174 0 7461 
_C_5294_5e7c20b5_2 8c 0 a8 0 0 2e6d656d 0 6e756363 0 6b6f6666 0 63686563 0 61736b31 0 74 
_C_9362_5e7d6ef2_3 cc 0 70 1 0 2e6d656d 0 65737436 0 736b3174 0 7461 
_C_6407_5e80f612_2 cc 0 70 1 0 2e6d656d 0 65737431 0 736b3174 0 7461 
_C_2d68_5e7c142e_1 8c 0 368 0 0 2535642e 0 696d6520 0 61742074 0 256d2c20 0 666f7220 0 37392c20 0 696e6520 0 222c206c 0 352e7376 0 226c6162 0 20202020 0 20202020 0 6e742e0a 0 74656d65 0 20737461 0 61736527 0 75652063 0 756e6971 0 696e2027 0 68657320 0 6d617463 0 696f6e20 0 6e646974 0 6f20636f 0 673a204e 0 726e696e 0 54205761 0 52 
_C_67a8_5e80f649_2 cc 0 70 1 0 2e6d656d 0 65737432 0 736b3174 0 7461 
_C_6906_5e80f66c_2 cc 0 70 1 0 2e6d656d 0 65737433 0 736b3174 0 7461 
_C_3897_5e83d97e_1 84 0 14 0 0 fffe0 
_C_1dae_5e7e6490_3 8c 0 40 0 0 74746572 0 69734c65 
_C_968a_5e7d6f58_3 cc 0 70 1 0 2e6d656d 0 54657374 0 63426172 0 6e75 
_C_d86e_5e83f548_2 cc 0 60 1 0 2e6d656d 0 68526570 0 736c6173 
_C_1dae_5e7e6490_1 8c 0 20 0 0 6d61696e 
_C_555f_5e840a30_1 84 0 15 0 0 1fffe0 
_C_8b83_5e90fb87_1 8c 0 38 0 0 6f73203a 0 697350 
_C_48d6_5e80ef70_2 cc 0 60 1 0 2e6d656d 0 6c617368 0 6e756353 
_C_9ead_5e7ad7f0_2 8c 0 58 0 0 2e6d656d 0 7465726e 0 706174 
_C_6407_5e80f612_3 cc 0 a0 1 0 2e6d656d 0 666e7563 0 636b6f66 0 31636865 0 7461736b 
_C_5133_5e7c2069_1 84 0 11 0 0 1ffe0 
_C_9ead_5e7ad7f0_6 8c 0 208 0 0 3d202562 0 726f7220 0 2c206572 0 3d202562 0 6f6e6520 0 622c2064 0 203d2025 0 65616479 0 622c2072 0 203d2025 0 74696f6e 0 64757261 0 25622c20 0 68203d20 0 656e6774 0 6e615f6c 0 64 
_C_aead_5e7bffa8_3 8c 0 528 0 0 3d202562 0 656e6420 0 65726e5f 0 70617474 0 25622c20 0 72203d20 0 6572726f 0 25622c20 0 65203d20 0 20646f6e 0 2025622c 0 6479203d 0 20726561 0 2025622c 0 6f6e203d 0 72617469 0 2c206475 0 3d202562 0 67746820 0 5f6c656e 0 20646e61 0 2025622c 0 7461203d 0 6f206461 0 75636c65 0 622c206e 0 203d2026 0 61646472 0 6d656d20 0 6c656f20 0 206e7563 0 2025622c 0 7461203d 0 6e206461 0 74746572 0 2c207061 0 3d202562 0 64647220 0 656d2061 0 726e206d 0 61747465 0 70 
_C_5116_5e80f0fa_1 8c 0 60 0 0 74617465 0 68332073 0 736c6173 
_C_c14e_5e7c0327_2 8c 0 528 0 0 3d202562 0 656e6420 0 65726e5f 0 70617474 0 25622c20 0 72203d20 0 6572726f 0 25622c20 0 65203d20 0 20646f6e 0 2025622c 0 6479203d 0 20726561 0 2025622c 0 6f6e203d 0 72617469 0 2c206475 0 3d202562 0 67746820 0 5f6c656e 0 20646e61 0 2025622c 0 7461203d 0 6f206461 0 75636c65 0 622c206e 0 203d2025 0 61646472 0 6d656d20 0 6c656f20 0 206e7563 0 2025622c 0 7461203d 0 6e206461 0 74746572 0 2c207061 0 3d202562 0 64647220 0 656d2061 0 726e206d 0 61747465 0 70 
_C_555f_5e840a30_3 8c 0 838 0 0 3d202562 0 52657020 0 2c206973 0 3d202562 0 74636820 0 69736d61 0 622c206d 0 203d2025 0 5f656e64 0 7465726e 0 20706174 0 2025622c 0 6974203d 0 756e645f 0 2c20666f 0 3d202562 0 726f7220 0 2c206572 0 3d202562 0 6f6e6520 0 622c2064 0 203d2025 0 65616479 0 622c2072 0 203d2025 0 74696f6e 0 64757261 0 25622c20 0 68203d20 0 656e6774 0 6e615f6c 0 682c2064 0 743d2025 0 73746172 0 65726e5f 0 70617474 0 25682c20 0 72743d20 0 5f737461 0 20646e61 0 2025682c 0 7461203d 0 6f206461 0 75636c65 0 682c206e 0 203d2025 0 61646472 0 6d656d20 0 6c656f20 0 206e7563 0 2025682c 0 7461203d 0 6e206461 0 74746572 0 2c207061 0 3d202568 0 64647220 0 656d2061 0 726e206d 0 61747465 0 25622c70 0 77203d20 0 64206c6f 0 206c6f61 0 7465726e 0 706174 
_C_27a7_5e9765b4_1 84 0 1e 0 0 3fffffe0 
_C_6321_5e840dc7_3 8c 0 900 0 0 3d202562 0 52657020 0 2c206973 0 3d202562 0 74636820 0 69736d61 0 622c206d 0 203d2025 0 5f656e64 0 7465726e 0 20706174 0 2025622c 0 6974203d 0 756e645f 0 2c20666f 0 3d202562 0 726f7220 0 2c206572 0 3d202562 0 6f6e6520 0 622c2064 0 203d2025 0 65616479 0 622c2072 0 203d2025 0 74696f6e 0 64757261 0 25622c20 0 68203d20 0 656e6774 0 6e615f6c 0 682c2064 0 743d2025 0 73746172 0 65726e5f 0 70617474 0 25682c20 0 72743d20 0 5f737461 0 20646e61 0 2025682c 0 7461203d 0 6f206461 0 75636c65 0 682c206e 0 203d2025 0 61646472 0 6d656d20 0 6c656f20 0 206e7563 0 2025682c 0 7461203d 0 6e206461 0 74746572 0 2c207061 0 3d202568 0 64647220 0 656d2061 0 726e206d 0 61747465 0 25622c70 0 77203d20 0 64206c6f 0 206c6f61 0 7465726e 0 2c706174 0 3d202568 0 54776f20 0 20626172 0 2025682c 0 6e65203d 0 6261724f 
_C_127e_5e7bf2d6_3 8c 0 298 0 0 3d202562 0 656e6420 0 65726e5f 0 70617474 0 25622c20 0 72203d20 0 6572726f 0 25622c20 0 65203d20 0 20646f6e 0 2025622c 0 6479203d 0 20726561 0 2025622c 0 6f6e203d 0 72617469 0 2c206475 0 3d202562 0 67746820 0 5f6c656e 0 646e61 
_C_4129_5e840570_2 8c 0 788 0 0 3d202562 0 52657020 0 2c206973 0 3d202562 0 74636820 0 69736d61 0 622c206d 0 203d2025 0 5f656e64 0 7465726e 0 20706174 0 2025622c 0 6974203d 0 756e645f 0 2c20666f 0 3d202562 0 726f7220 0 2c206572 0 3d202562 0 6f6e6520 0 622c2064 0 203d2025 0 65616479 0 622c2072 0 203d2025 0 74696f6e 0 64757261 0 25622c20 0 68203d20 0 656e6774 0 6e615f6c 0 682c2064 0 743d2025 0 73746172 0 65726e5f 0 70617474 0 25682c20 0 72743d20 0 5f737461 0 20646e61 0 2025682c 0 7461203d 0 6f206461 0 75636c65 0 682c206e 0 203d2025 0 61646472 0 6d656d20 0 6c656f20 0 206e7563 0 2025682c 0 7461203d 0 6e206461 0 74746572 0 2c207061 0 3d202568 0 64647220 0 656d2061 0 726e206d 0 61747465 0 70 
_C_a1a_5e83d533_3 8c 0 678 0 0 3d202562 0 52657020 0 2c206973 0 3d202562 0 74636820 0 69736d61 0 622c206d 0 203d2025 0 5f656e64 0 7465726e 0 20706174 0 2025622c 0 6974203d 0 756e645f 0 2c20666f 0 3d202562 0 726f7220 0 2c206572 0 3d202562 0 6f6e6520 0 622c2064 0 203d2025 0 65616479 0 622c2072 0 203d2025 0 74696f6e 0 64757261 0 25622c20 0 68203d20 0 656e6774 0 6e615f6c 0 682c2064 0 203d2025 0 64617461 0 6c656f20 0 206e7563 0 2025622c 0 6472203d 0 6d206164 0 6f206d65 0 75636c65 0 682c206e 0 203d2025 0 64617461 0 65726e20 0 70617474 0 25622c20 0 72203d20 0 20616464 0 206d656d 0 7465726e 0 706174 
_C_6548_5e840e6e_1 84 0 19 0 0 1ffffe0 
_C_8214_5e90f9a2_1 8c 0 60 0 0 69727573 0 6e612076 0 636f726f 
_C_5133_5e7c2069_3 8c 0 618 0 0 3d202562 0 74636820 0 69736d61 0 622c206d 0 203d2025 0 5f656e64 0 7465726e 0 20706174 0 2025622c 0 6974203d 0 756e645f 0 2c20666f 0 3d202562 0 726f7220 0 2c206572 0 3d202562 0 6f6e6520 0 622c2064 0 203d2025 0 65616479 0 622c2072 0 203d2025 0 74696f6e 0 64757261 0 25622c20 0 68203d20 0 656e6774 0 6e615f6c 0 622c2064 0 203d2025 0 64617461 0 6c656f20 0 206e7563 0 2025622c 0 6472203d 0 6d206164 0 6f206d65 0 75636c65 0 622c206e 0 203d2025 0 64617461 0 65726e20 0 70617474 0 25622c20 0 72203d20 0 20616464 0 206d656d 0 7465726e 0 706174 
_C_621a_5e80f565_2 8c 0 618 0 0 3d202562 0 74636820 0 69736d61 0 622c206d 0 203d2025 0 5f656e64 0 7465726e 0 20706174 0 2025622c 0 6974203d 0 756e645f 0 2c20666f 0 3d202562 0 726f7220 0 2c206572 0 3d202562 0 6f6e6520 0 622c2064 0 203d2025 0 65616479 0 622c2072 0 203d2025 0 74696f6e 0 64757261 0 25622c20 0 68203d20 0 656e6774 0 6e615f6c 0 682c2064 0 203d2025 0 64617461 0 6c656f20 0 206e7563 0 2025622c 0 6472203d 0 6d206164 0 6f206d65 0 75636c65 0 682c206e 0 203d2025 0 64617461 0 65726e20 0 70617474 0 25622c20 0 72203d20 0 20616464 0 206d656d 0 7465726e 0 706174 
_C_57d2_5e88a236_2 cc 0 70 1 0 2e6d656d 0 61747473 0 736b3270 0 7461 
_C_a1a_5e83d533_1 84 0 12 0 0 3ffe0 
_C_9ead_5e7ad7f0_4 84 0 a 0 0 3e0 
_C_6321_5e840dc7_1 84 0 17 0 0 7fffe0 
_C_9ead_5e7ad7f0_1 8c 0 368 0 0 2535642e 0 696d6520 0 61742074 0 256d2c20 0 666f7220 0 37342c20 0 696e6520 0 222c206c 0 352e7376 0 226c6162 0 20202020 0 20202020 0 6e742e0a 0 74656d65 0 20737461 0 61736527 0 75652063 0 756e6971 0 696e2027 0 68657320 0 6d617463 0 696f6e20 0 6e646974 0 6f20636f 0 673a204e 0 726e696e 0 54205761 0 52 
_C_70f7_5e979f71_1 84 0 20 0 0 ffffffe0 
_C_626a_5e979c67_1 84 0 1f 0 0 7fffffe0 
_C_587f_5e80f377_2 cc 0 68 1 0 2e6d656d 0 6c617368 0 75636353 0 6e 
_C_7bc2_5e920ff1_1 8c 0 40 0 0 70617468 0 64617461 
_C_c15c_5e93776b_2 8c 0 28 0 0 734e6567 0 69 
_C_6d3f_5e84104e_1 84 0 1a 0 0 3ffffe0 
_C_1dae_5e7e6490_4 8c 0 28 0 0 73426172 0 69 
_C_9ead_5e7ad7f0_7 80 0 1 0 1 
_C_626a_5e979c67_3 8c 0 c70 0 0 3d202564 0 756e7420 0 2c20636f 0 3d202564 0 74657220 0 734c6574 0 642c2069 0 203d2025 0 734e6567 0 642c2069 0 203d2025 0 73506f73 0 622c2069 0 203d2025 0 73526570 0 622c2069 0 203d2025 0 61746368 0 6d69736d 0 25622c20 0 64203d20 0 6e5f656e 0 74746572 0 2c207061 0 3d202562 0 5f697420 0 6f756e64 0 622c2066 0 203d2025 0 72726f72 0 622c2065 0 203d2025 0 646f6e65 0 25622c20 0 79203d20 0 72656164 0 25622c20 0 6e203d20 0 6174696f 0 20647572 0 2025622c 0 7468203d 0 6c656e67 0 646e615f 0 25682c20 0 72743d20 0 5f737461 0 7465726e 0 20706174 0 2025682c 0 6172743d 0 615f7374 0 2c20646e 0 3d202568 0 61746120 0 656f2064 0 6e75636c 0 25682c20 0 72203d20 0 20616464 0 206d656d 0 636c656f 0 2c206e75 0 3d202568 0 61746120 0 726e2064 0 61747465 0 682c2070 0 203d2025 0 61646472 0 6d656d20 0 65726e20 0 70617474 0 2025622c 0 6f77203d 0 6164206c 0 6e206c6f 0 74746572 0 682c7061 0 203d2025 0 7254776f 0 2c206261 0 3d202568 0 4f6e6520 0 20626172 0 2025682c 0 6565203d 0 68546872 0 736c6173 0 25682c20 0 6f203d20 0 73685477 0 20736c61 0 2025682c 0 6e65203d 0 6173684f 0 2c20736c 0 3d202573 0 61746520 0 7374 
_C_9813_5e9a161f_2 8c 0 c70 0 0 3d202564 0 756e7420 0 2c20636f 0 3d202564 0 74657220 0 734c6574 0 642c2069 0 203d2025 0 734e6567 0 642c2069 0 203d2025 0 73506f73 0 622c2069 0 203d2025 0 73526570 0 622c2069 0 203d2025 0 61746368 0 6d69736d 0 25622c20 0 64203d20 0 6e5f656e 0 74746572 0 2c207061 0 3d202562 0 5f697420 0 6f756e64 0 622c2066 0 203d2025 0 72726f72 0 622c2065 0 203d2025 0 646f6e65 0 25622c20 0 79203d20 0 72656164 0 25622c20 0 6e203d20 0 6174696f 0 20647572 0 2025622c 0 7468203d 0 6c656e67 0 646e615f 0 25682c20 0 72743d20 0 5f737461 0 7465726e 0 20706174 0 2025682c 0 6172743d 0 615f7374 0 2c20646e 0 3d202573 0 61746120 0 656f2064 0 6e75636c 0 25682c20 0 72203d20 0 20616464 0 206d656d 0 636c656f 0 2c206e75 0 3d202573 0 61746120 0 726e2064 0 61747465 0 682c2070 0 203d2025 0 61646472 0 6d656d20 0 65726e20 0 70617474 0 2025622c 0 6f77203d 0 6164206c 0 6e206c6f 0 74746572 0 682c7061 0 203d2025 0 7254776f 0 2c206261 0 3d202568 0 4f6e6520 0 20626172 0 2025682c 0 6565203d 0 68546872 0 736c6173 0 25682c20 0 6f203d20 0 73685477 0 20736c61 0 2025682c 0 6e65203d 0 6173684f 0 2c20736c 0 3d202573 0 61746520 0 7374 
_C_9362_5e7d6ef2_1 8c 0 368 0 0 2535642e 0 696d6520 0 61742074 0 256d2c20 0 666f7220 0 38312c20 0 696e6520 0 222c206c 0 352e7376 0 226c6162 0 20202020 0 20202020 0 6e742e0a 0 74656d65 0 20737461 0 61736527 0 75652063 0 756e6971 0 696e2027 0 68657320 0 6d617463 0 696f6e20 0 6e646974 0 6f20636f 0 673a204e 0 726e696e 0 54205761 0 52 
_C_79fd_5e920f83_2 8c 0 38 0 0 61756c74 0 646566 
_C_27a7_5e9765b4_3 8c 0 bf8 0 0 3d202564 0 756e7420 0 2c20636f 0 3d202564 0 4e656720 0 2c206973 0 3d202564 0 506f7320 0 2c206973 0 3d202562 0 52657020 0 2c206973 0 3d202562 0 74636820 0 69736d61 0 622c206d 0 203d2025 0 5f656e64 0 7465726e 0 20706174 0 2025622c 0 6974203d 0 756e645f 0 2c20666f 0 3d202562 0 726f7220 0 2c206572 0 3d202562 0 6f6e6520 0 622c2064 0 203d2025 0 65616479 0 622c2072 0 203d2025 0 74696f6e 0 64757261 0 25622c20 0 68203d20 0 656e6774 0 6e615f6c 0 682c2064 0 743d2025 0 73746172 0 65726e5f 0 70617474 0 25682c20 0 72743d20 0 5f737461 0 20646e61 0 2025682c 0 7461203d 0 6f206461 0 75636c65 0 682c206e 0 203d2025 0 61646472 0 6d656d20 0 6c656f20 0 206e7563 0 2025682c 0 7461203d 0 6e206461 0 74746572 0 2c207061 0 3d202568 0 64647220 0 656d2061 0 726e206d 0 61747465 0 25622c70 0 77203d20 0 64206c6f 0 206c6f61 0 7465726e 0 2c706174 0 3d202568 0 54776f20 0 20626172 0 2025682c 0 6e65203d 0 6261724f 0 25682c20 0 65203d20 0 54687265 0 6c617368 0 682c2073 0 203d2025 0 6854776f 0 736c6173 0 25682c20 0 65203d20 0 73684f6e 0 20736c61 0 2025732c 0 7465203d 0 737461 
_C_adc7_5e7add51_2 8c 0 a0 0 0 2e6d656d 0 666e7563 0 636b6f66 0 31636865 0 7461736b 
_C_2906_5e889526_3 8c 0 ad8 0 0 3d202562 0 52657020 0 2c206973 0 3d202562 0 74636820 0 69736d61 0 622c206d 0 203d2025 0 5f656e64 0 7465726e 0 20706174 0 2025622c 0 6974203d 0 756e645f 0 2c20666f 0 3d202562 0 726f7220 0 2c206572 0 3d202562 0 6f6e6520 0 622c2064 0 203d2025 0 65616479 0 622c2072 0 203d2025 0 74696f6e 0 64757261 0 25622c20 0 68203d20 0 656e6774 0 6e615f6c 0 682c2064 0 743d2025 0 73746172 0 65726e5f 0 70617474 0 25682c20 0 72743d20 0 5f737461 0 20646e61 0 2025682c 0 7461203d 0 6f206461 0 75636c65 0 682c206e 0 203d2025 0 61646472 0 6d656d20 0 6c656f20 0 206e7563 0 2025682c 0 7461203d 0 6e206461 0 74746572 0 2c207061 0 3d202568 0 64647220 0 656d2061 0 726e206d 0 61747465 0 25622c70 0 77203d20 0 64206c6f 0 206c6f61 0 7465726e 0 2c706174 0 3d202568 0 54776f20 0 20626172 0 2025682c 0 6e65203d 0 6261724f 0 25682c20 0 65203d20 0 54687265 0 6c617368 0 682c2073 0 203d2025 0 6854776f 0 736c6173 0 25682c20 0 65203d20 0 73684f6e 0 20736c61 0 2025732c 0 7465203d 0 737461 
_C_968a_5e7d6f58_1 8c 0 368 0 0 2535642e 0 696d6520 0 61742074 0 256d2c20 0 666f7220 0 38332c20 0 696e6520 0 222c206c 0 352e7376 0 226c6162 0 20202020 0 20202020 0 6e742e0a 0 74656d65 0 20737461 0 61736527 0 75652063 0 756e6971 0 696e2027 0 68657320 0 6d617463 0 696f6e20 0 6e646974 0 6f20636f 0 673a204e 0 726e696e 0 54205761 0 52 
_C_1e13_5e7c1134_1 8c 0 368 0 0 2535642e 0 696d6520 0 61742074 0 256d2c20 0 666f7220 0 37382c20 0 696e6520 0 222c206c 0 352e7376 0 226c6162 0 20202020 0 20202020 0 6e742e0a 0 74656d65 0 20737461 0 61736527 0 75652063 0 756e6971 0 696e2027 0 68657320 0 6d617463 0 696f6e20 0 6e646974 0 6f20636f 0 673a204e 0 726e696e 0 54205761 0 52 
_C_aead_5e7bffa8_1 84 0 10 0 0 ffe0 
_C_127e_5e7bf2d6_1 84 0 b 0 0 7e0 
_C_79fd_5e920f83_1 8c 0 48 0 0 68656164 0 6f6f6b61 0 6c 
_C_4f7d_5e80f099_1 8c 0 50 0 0 74617465 0 6e652073 0 646f 
_C_7ab7_5e90f82d_1 84 0 1d 0 0 1fffffe0 
_C_17aa_5e7c0f74_1 8c 0 70 0 0 2e6d656d 0 65737434 0 736b3174 0 7461 
_C_2a5b_5e7c1382_1 8c 0 70 0 0 2e6d656d 0 65737435 0 736b3174 0 7461 
_C_67a8_5e80f649_3 cc 0 a8 1 0 2e6d656d 0 6e756363 0 6b6f6666 0 63686563 0 61736b31 0 74 
_C_5294_5e7c20b5_1 8c 0 70 0 0 2e6d656d 0 65737436 0 736b3174 0 7461 
_C_d641_5e7f9414_2 cc 0 48 1 0 2e6d656d 0 75426172 0 6e 
_C_1dae_5e7e6490_5 8c 0 38 0 0 6c617368 0 697353 
_C_adc7_5e7add51_1 8c 0 70 0 0 2e6d656d 0 65737431 0 736b3174 0 7461 
_C_b440_5e7d7556_1 8c 0 8 0 0 31 
_C_9ead_5e7ad7f0_8 94 0 20 0 0 1 
_C_1560_5e7c0f44_1 8c 0 70 0 0 2e6d656d 0 65737432 0 736b3174 0 7461 
_C_b440_5e7d7556_2 8c 0 8 0 0 32 
_C_1674_5e7c0f5f_1 8c 0 70 0 0 2e6d656d 0 65737433 0 736b3174 0 7461 
_C_b440_5e7d7556_3 8c 0 8 0 0 33 
_C_2906_5e889526_1 84 0 1b 0 0 7ffffe0 
