589964 0 2097282 0 0 0 0 0 0 0 
16388 0 2097280 0 0 0 0 0 0 0 
581 0 2097282 0 0 0 0 0 0 0 
16389 0 2097280 0 0 0 0 0 0 0 
16453 0 2097152 0 0 0 0 0 0 0 
2188 0 2097282 0 0 0 0 0 0 0 
694412 0 2097282 0 0 0 0 0 0 0 
517 65536 2228226 0 0 0 0 0 256 0 
3972 0 2097282 0 0 0 0 0 0 0 
2692 0 2097282 0 0 0 0 0 0 0 
2948 0 2097282 0 0 0 0 0 0 0 
399500 0 2097282 0 0 0 0 0 0 0 
6020 0 2097282 0 0 0 0 0 0 0 
16421 0 2100736 0 0 0 0 0 0 0 
5252 0 2097282 0 0 0 0 0 0 0 
5508 0 2097282 0 0 0 0 0 0 0 
4740 0 2097282 0 0 0 0 0 0 0 
4228 0 2097282 0 0 0 0 0 0 0 
4484 0 2097282 0 0 0 0 0 0 0 
7812 0 2097282 0 0 0 0 0 0 0 
8068 0 2097282 0 0 0 0 0 0 0 
7556 0 2097282 0 0 0 0 0 0 0 
6788 0 2097282 0 0 0 0 0 0 0 
7044 0 2097282 0 0 0 0 0 0 0 
2133 0 2097282 0 0 0 0 0 0 0 
16421 1 2098368 0 0 0 0 0 0 0 
16418 0 2097282 0 0 0 0 0 0 0 
6532 0 2097282 0 0 0 0 0 0 0 
16421 1 2098370 0 0 0 0 0 0 0 
16418 0 2097280 0 0 0 0 0 0 0 
16421 0 2097280 0 0 0 0 0 0 0 
8197 0 2097152 0 0 0 0 0 0 0 
850060 0 2097282 0 0 0 0 0 0 0 
10380 0 2097282 0 0 0 0 0 0 0 
2220 0 2097282 0 0 0 0 0 0 0 
8324 0 2097282 0 0 0 0 0 0 0 
8332 0 2097282 0 0 0 0 0 0 0 
14476 0 2097282 0 0 0 0 0 0 0 
321 0 2097152 0 0 0 0 0 0 0 
18572 0 2097282 0 0 0 0 0 0 0 
759948 0 2097282 0 0 0 0 0 0 0 
710796 0 2097282 0 0 0 0 0 0 0 
16524 0 2097282 0 0 0 0 0 0 0 
257 0 2097282 0 0 0 0 0 192 0 
170124 0 2097282 0 0 0 0 0 0 0 
22668 0 2097282 0 0 0 0 0 0 0 
20620 0 2097282 0 0 0 0 0 0 0 
16421 1 2097856 0 0 0 0 0 0 0 
223372 0 2097282 0 0 0 0 0 0 0 
16418 0 2097152 0 0 0 0 0 0 0 
16421 1 2097858 0 0 0 0 0 0 0 
8261 0 2097152 0 0 0 0 0 0 0 
368780 0 2097282 0 0 0 0 0 0 0 
669836 0 2097282 0 0 0 0 0 0 0 
815244 0 2097282 0 0 0 0 0 0 0 
24716 0 2097282 0 0 0 0 0 0 0 
424076 0 2097282 0 0 0 0 0 0 0 
28812 0 2097282 0 0 0 0 0 0 0 
257 0 2097280 0 0 0 0 0 0 0 
256 0 2097280 0 0 0 0 0 0 0 
1541 0 2097282 0 0 0 0 0 0 0 
257 0 2097282 0 0 0 0 0 0 0 
256 0 2097282 0 0 0 0 0 0 0 
133260 0 2097282 0 0 0 0 0 0 0 
516 0 2097282 0 0 0 0 0 0 0 
517 0 2097282 0 0 0 0 0 0 0 
3077 0 2097282 0 0 0 0 0 0 0 
2052 0 2097282 0 0 0 0 0 0 0 
2053 0 2097282 0 0 0 0 0 0 0 
2053 4096 2228226 0 0 0 0 0 256 0 
4101 0 2097282 0 0 0 0 0 0 0 
6149 0 2097282 0 0 0 0 0 0 0 
338060 0 2097282 0 0 0 0 0 0 0 
35 0 2097280 0 0 0 0 0 0 0 
43148 0 2097282 0 0 0 0 0 0 0 
784524 0 2097282 0 0 0 0 0 0 0 
538764 0 2097282 0 0 0 0 0 0 0 
41100 0 2097282 0 0 0 0 0 0 0 
493708 0 2097282 0 0 0 0 0 0 0 
